110
2 1.0
3 1.0
4 1.0
3 0.5
5 0.678
9 0.87
2 0.6
20 0.75
200 0.999
2000 0.5
8000 1.000
8000 0.500
8000 0.684
2 1.000
2 0.500
2 0.684
2788 0.719
3984 0.930
4664 0.797
4242 0.705
3127 0.873
5 0.615
81 0.743
27 0.504
64 0.828
94 0.726
16 0.599
64 0.833
26 0.638
4 0.949
7 0.505
38 0.515
41 0.968
49 0.904
2 0.574
100 0.586
11 0.501
94 0.561
16 0.975
82 0.985
20 0.591
13 0.720
44 0.543
43 0.824
63 0.577
11 0.872
100 0.685
81 0.825
10 0.572
62 0.646
68 0.579
35 0.934
40 0.553
37 0.795
82 0.993
91 0.907
66 0.532
84 0.960
62 0.790
9 0.593
42 0.533
10 0.600
85 0.725
41 0.797
84 0.983
56 0.818
26 0.509
37 0.853
43 0.710
101 0.926
23 0.974
68 0.586
24 0.975
65 0.582
44 0.828
31 0.837
37 0.684
59 0.759
98 0.790
57 0.884
92 0.806
91 0.736
88 0.863
67 0.886
24 0.887
9 0.938
91 0.844
29 0.711
98 0.752
65 0.974
82 0.915
17 0.882
38 0.964
47 0.580
82 0.520
53 0.728
36 0.762
75 0.551
67 0.754
28 0.786
77 0.676
65 0.686
33 0.720
98 0.779
87 0.670
46 0.816
27 0.517
21 0.637
17 0.511
9 0.592
