223
13396 66567
48690 39852
48182 64444
80255 75510
92060 97635
84446 40003
55027 31236
34472 65545
22878 74908
88698 97262
96678 34739
26800 87701
2108 55236
44926 18707
86412 90598
86594 93511
17550 96629
63006 72217
14538 3615
65004 40138
99928 58634
66228 91185
91348 75015
46517 73828
6702 47351
21054 56569
95144 7190
20800 24235
8776 20426
14168 68262
12143 91548
11515 64263
90682 26408
68164 16022
56530 39656
88188 84761
26102 16655
25021 89196
88165 44208
70093 85041
15628 27304
45205 93546
98900 28503
36484 88357
6714 75917
95343 72089
63195 89528
95070 19248
18536 13474
7404 83982
13693 29312
23045 14171
56476 84948
32852 44483
42248 82965
45784 27058
46561 69296
23414 80278
17833 65928
84626 34288
17146 94076
29037 70976
5171 69435
756 97207
19563 60391
68458 32575
39910 50465
20502 88264
68618 46450
72627 23504
16595 91033
45287 76714
73684 76931
60427 2408
96601 13788
83843 89137
60477 8396
41961 36803
9974 682
42382 28234
53302 59250
5714 7234
64266 78814
13484 64314
83666 2404
71376 98201
27287 55426
45929 19330
44194 93087
94413 68509
34731 40747
83819 94317
36577 55089
32621 5814
75879 1170
92347 72630
27492 14879
85825 437
25938 35869
1195 46563
9172 84008
6291 66167
28060 83646
32040 12130
89632 22802
7740 34733
19049 34164
1405 26981
71023 37701
31144 57451
33404 3407
86781 70156
7711 71076
3243 95752
62793 64864
2060 28929
68363 71893
41787 82989
89507 46227
61999 41724
11230 14858
76007 19238
27428 36669
96688 85839
84934 71938
84123 78943
37106 15086
15797 90157
49447 58603
85980 42997
80332 72567
6495 20797
37647 11436
81167 76260
5691 40789
69565 63928
52159 4021
19563 38903
22821 60146
44788 25027
10487 34302
18648 98383
93114 15091
56669 39744
56324 92615
9819 49806
29341 44614
61316 26031
97446 88354
1993 40150
87883 400
37120 68200
39548 13953
38360 18972
79628 51523
11753 45510
95236 28748
59804 12759
20233 51421
61173 7058
74329 8047
29791 42229
88263 73355
89195 51857
33539 90707
45057 23329
71317 42409
89313 93367
47573 97896
31523 38353
10886 47732
69516 16321
55175 37584
58965 92035
6647 63228
28113 15065
96872 59674
68190 70428
46564 81082
30973 41651
49315 98420
94439 50684
83899 89307
4882 99729
63584 7836
71797 80783
24226 42212
92606 87787
22311 25748
87166 78288
16529 18512
95809 69391
75479 24149
71965 26479
58437 51080
69777 29147
88468 49283
27662 83979
87438 88069
39659 5726
31487 62379
40089 54246
17859 9529
84607 20891
87423 29171
27995 33131
11836 25391
17890 16072
35567 48897
24591 87125
57100 60396
66799 13111
63303 36928
70826 66600
73068 45023
79909 43377
59315 31456
29693 38412
38340 77132
49827 76728
40440 92906
4541 92523
5003 44333