1018
3 3 1
1 1
2 2
3 3 2
1 1
1 3
3 1
4 4 2
1 2
1 3
1 4
3 10 2
2 10
1 9
3 9
8 8 2
8 1
8 8
1 1
300 5 2
2 3
15 2
300 5
67 25 2
32 10
66 3
21 18
71 87 2
36 44
1 87
71 1
3 3 1
1 1
2 2
3 3 2
1 1
1 3
3 1
7 7 2
4 4
1 7
2 7
3 10 2
2 10
1 9
3 9
8 8 2
8 1
8 8
1 1
300 5 2
2 3
15 2
300 5
67 25 2
32 10
66 3
21 18
71 87 2
36 44
1 87
71 1
300 300 2
1 1
1 2
2 1
300 300 2
1 1
1 3
3 1
3 3 2
3 2
1 2
2 1
3 3 2
3 2
2 3
2 2
3 3 2
1 3
2 2
1 1
3 3 2
3 1
3 3
2 1
3 3 2
1 1
2 2
3 3
3 3 2
1 1
3 3
1 3
3 3 2
3 1
3 2
2 3
3 3 2
3 1
1 3
2 1
3 3 2
3 3
3 2
1 1
3 3 2
3 3
3 2
2 2
3 3 2
2 1
1 3
2 3
3 3 2
2 1
1 3
3 1
3 3 2
2 1
1 3
2 3
3 3 2
3 1
2 3
1 1
3 3 2
3 3
1 3
1 2
3 3 2
2 2
1 3
1 1
3 3 2
2 2
1 2
1 3
3 3 2
3 1
3 3
1 2
3 3 2
2 2
2 3
1 2
3 3 2
3 3
2 1
2 2
3 3 2
1 1
3 1
1 2
3 3 2
1 2
3 1
3 2
3 3 2
2 1
2 2
3 1
3 3 2
1 2
2 1
3 1
3 3 2
1 2
2 3
1 3
3 3 2
3 3
3 1
3 2
3 3 2
3 1
2 1
3 2
3 3 2
2 3
2 2
1 1
3 3 2
1 3
2 3
3 1
3 3 2
2 3
2 2
3 3
3 3 2
1 3
2 2
1 1
3 3 2
3 2
1 2
3 3
3 3 2
1 3
2 3
3 1
3 3 2
3 2
2 3
1 3
3 3 2
1 3
1 2
1 1
3 3 2
2 3
1 1
2 2
3 3 2
3 2
2 3
1 1
3 3 2
3 2
1 1
2 2
3 3 2
1 1
2 3
2 1
3 3 2
1 3
3 1
1 1
3 3 2
2 2
3 2
2 3
3 3 2
2 3
2 2
2 1
3 3 2
2 3
1 3
3 2
3 3 2
2 1
3 3
1 1
3 3 2
3 1
2 1
1 1
3 3 2
2 3
3 2
3 3
3 3 2
1 3
3 2
2 1
3 3 2
1 1
2 2
1 2
3 3 2
3 1
3 2
1 2
3 3 2
3 2
3 3
1 3
3 3 2
1 1
2 1
2 2
3 3 2
1 3
3 2
1 2
3 3 2
3 2
1 1
3 3
3 3 2
3 1
3 2
2 2
3 3 2
1 2
2 3
2 2
3 3 2
1 1
2 1
3 2
3 3 2
1 1
2 1
3 1
3 3 2
3 2
1 1
2 1
3 3 2
1 3
2 3
2 2
3 3 2
3 2
2 2
2 1
3 3 2
1 3
3 3
2 2
3 3 2
2 1
2 2
3 2
3 3 2
3 3
2 2
1 2
3 3 2
3 3
2 2
2 3
3 3 2
3 1
2 3
3 3
3 3 2
2 3
1 1
2 1
3 3 2
3 3
2 1
2 2
3 3 2
2 1
1 1
1 3
3 3 2
3 1
2 3
1 3
3 3 2
1 1
3 1
2 2
3 3 2
1 1
3 3
1 3
3 3 2
1 1
3 3
2 2
3 3 2
2 1
2 2
3 3
3 3 2
2 3
3 3
1 3
3 3 2
3 1
1 2
2 2
3 3 2
1 3
2 1
3 3
3 3 2
2 2
2 3
1 3
3 3 2
2 3
2 2
1 2
3 3 2
2 2
3 1
1 2
3 3 2
2 3
3 1
1 2
3 3 2
1 3
2 3
3 2
3 3 2
3 3
3 1
1 3
3 3 2
2 2
1 3
1 1
3 3 2
1 1
2 1
3 3
3 3 2
3 2
2 2
1 1
3 3 2
2 3
1 1
2 1
3 3 2
1 2
3 3
3 2
3 3 2
1 1
2 2
1 2
3 3 2
1 2
2 3
2 1
3 3 2
3 2
3 1
2 1
3 3 2
3 2
3 1
1 3
3 3 2
2 2
3 3
1 3
3 3 2
3 2
1 3
2 2
3 3 2
3 2
1 1
2 3
3 3 2
3 2
2 1
3 1
3 3 2
3 1
2 3
1 2
3 3 2
1 2
3 2
2 3
3 3 2
3 2
1 2
2 3
3 3 2
3 2
1 3
1 1
3 3 2
1 3
3 2
1 1
4 3 2
3 1
1 1
3 3
4 3 2
4 2
1 1
3 2
3 4 2
3 1
2 1
1 3
3 4 2
2 3
2 1
2 2
3 4 2
1 4
3 4
3 1
3 4 2
1 1
3 3
2 1
3 4 2
3 4
1 2
2 2
4 3 2
3 1
3 3
4 1
4 3 2
4 1
3 3
2 3
4 3 2
2 1
3 2
4 3
4 3 2
2 3
2 2
2 1
4 3 2
2 1
4 3
3 1
4 3 2
4 1
3 2
4 3
3 4 2
3 2
2 4
1 3
3 4 2
3 2
1 2
2 2
4 3 2
4 3
1 3
3 3
4 3 2
4 2
3 3
2 3
3 4 2
1 4
3 2
2 3
4 3 2
3 3
4 1
4 3
3 4 2
2 1
2 2
1 2
4 3 2
1 1
4 3
4 1
4 3 2
2 1
1 3
2 2
4 3 2
4 3
2 3
1 2
4 3 2
4 2
1 1
4 3
4 3 2
4 3
3 1
4 1
3 4 2
3 1
3 4
2 2
4 3 2
4 3
1 1
3 1
3 4 2
1 2
1 3
3 4
4 3 2
3 2
4 3
1 2
4 3 2
2 1
3 1
2 2
4 3 2
2 2
2 3
3 2
4 3 2
4 1
4 3
3 3
4 3 2
4 3
1 3
2 3
4 3 2
4 1
3 2
1 1
3 4 2
1 4
1 3
3 4
4 3 2
2 3
2 1
2 2
3 4 2
2 4
1 2
3 3
4 3 2
1 2
3 2
3 3
4 3 2
4 2
1 1
2 1
4 3 2
1 2
4 1
2 1
3 4 2
2 2
3 4
1 4
3 4 2
2 3
3 2
3 1
3 4 2
3 1
1 3
2 1
4 3 2
4 2
3 3
3 2
4 3 2
1 2
3 2
1 1
4 3 2
4 2
1 1
3 1
4 3 2
1 2
4 2
1 3
3 4 2
2 2
1 1
1 3
4 3 2
3 2
3 3
1 1
3 4 2
3 4
2 1
3 3
4 4 2
1 2
3 1
4 3
4 4 2
3 4
1 3
3 2
4 4 2
1 3
1 4
4 1
4 4 2
3 2
4 2
2 2
4 4 2
4 2
4 4
2 4
4 4 2
4 2
1 4
4 3
4 4 2
3 4
2 1
3 1
4 4 2
1 3
3 2
3 4
4 4 2
1 2
4 4
3 1
4 4 2
3 2
2 1
2 2
4 4 2
2 2
4 2
2 3
4 4 2
1 4
4 4
2 2
4 4 2
4 3
1 3
2 3
4 4 2
4 2
3 3
4 1
4 4 2
3 3
2 4
2 2
4 4 2
3 3
2 4
1 4
4 4 2
4 3
2 3
2 1
4 4 2
3 3
2 2
1 4
4 4 2
1 2
4 3
2 2
4 4 2
4 4
2 2
4 2
4 4 2
1 4
1 3
3 1
4 4 2
3 2
3 4
1 3
4 4 2
2 1
4 1
2 2
4 4 2
3 2
4 1
1 3
4 4 2
1 3
3 2
2 4
4 4 2
4 3
3 3
3 1
4 4 2
3 1
2 4
4 2
4 4 2
4 2
2 1
3 4
4 4 2
1 1
1 2
2 3
4 4 2
1 2
4 1
3 4
4 4 2
4 1
4 4
2 1
4 4 2
1 3
4 4
2 4
4 4 2
2 2
3 1
4 4
4 4 2
2 3
2 2
4 1
4 4 2
1 4
4 4
2 2
4 4 2
4 2
2 1
1 2
4 4 2
1 4
1 2
3 4
4 4 2
2 3
3 4
4 2
4 4 2
1 1
2 1
4 1
4 4 2
2 4
4 1
4 3
4 4 2
1 2
4 3
2 1
4 4 2
4 4
1 1
3 3
4 4 2
3 2
3 1
4 2
4 4 2
2 3
2 4
4 3
4 4 2
1 3
1 1
2 1
4 4 2
4 4
3 2
3 3
4 4 2
1 1
4 4
2 2
4 4 2
1 1
3 4
4 4
4 4 2
4 2
2 3
2 4
4 4 2
2 3
2 4
2 1
3 261 2
2 207
1 163
1 220
32 3 2
3 3
8 2
9 1
126 3 2
47 1
42 3
62 3
297 3 2
153 2
222 3
27 1
17 3 2
11 2
17 3
13 3
3 106 2
3 61
1 89
1 15
3 276 2
2 102
2 208
2 128
3 292 2
2 41
3 147
1 95
117 3 2
79 2
60 3
18 3
3 13 2
2 11
3 7
3 8
191 3 2
48 3
12 2
154 2
3 98 2
1 12
2 2
1 81
296 3 2
88 1
237 1
65 2
3 120 2
1 3
2 12
1 34
3 159 2
1 116
2 89
2 101
180 3 2
75 3
1 3
112 2
113 3 2
31 1
42 2
91 2
3 130 2
2 1
2 91
2 8
231 3 2
50 3
212 2
116 3
74 3 2
3 1
62 2
27 3
3 23 2
2 7
2 2
3 9
3 21 2
1 1
1 14
3 11
3 97 2
1 67
3 9
2 27
47 3 2
46 3
2 3
36 2
298 3 2
101 2
276 1
259 1
227 3 2
138 3
72 2
86 3
276 3 2
161 3
177 2
89 2
245 3 2
69 2
231 2
54 2
226 3 2
23 1
182 1
6 2
109 3 2
37 3
79 1
96 1
50 3 2
18 1
4 3
15 3
104 3 2
47 1
64 2
79 1
3 120 2
3 114
2 58
3 26
158 3 2
157 1
149 2
34 2
180 3 2
42 3
180 2
88 2
144 3 2
89 3
100 3
129 1
3 132 2
3 96
3 13
3 87
19 3 2
4 3
18 3
18 1
3 294 2
2 133
2 29
2 136
198 3 2
55 1
177 2
71 1
3 5 2
1 1
3 2
3 1
3 256 2
3 162
3 208
2 250
3 191 2
3 184
2 46
1 113
214 3 2
101 2
68 3
85 2
176 3 2
159 3
79 3
42 3
111 3 2
6 1
2 1
33 2
269 3 2
68 3
28 3
76 3
136 3 2
125 1
21 3
52 2
258 3 2
163 3
211 2
191 3
244 3 2
220 2
182 2
60 1
3 82 2
1 80
2 68
2 54
3 23 2
2 20
2 21
1 2
252 3 2
44 1
231 1
8 2
228 3 2
65 2
112 2
207 3
99 3 2
18 3
75 1
20 2
3 34 2
1 8
2 22
3 16
3 102 2
2 75
3 32
1 100
3 274 2
3 150
2 241
3 253
58 3 2
6 1
16 3
38 2
3 25 2
2 23
3 20
2 14
3 53 2
1 31
2 42
1 23
3 173 2
3 22
2 139
2 87
241 3 2
6 2
229 3
155 3
3 294 2
2 139
2 81
2 220
20 3 2
4 1
17 2
8 2
3 257 2
1 233
1 11
1 17
46 3 2
5 2
39 3
20 1
3 296 2
1 145
1 287
1 100
281 3 2
104 3
271 3
40 3
3 295 2
2 275
3 128
2 162
3 33 2
3 7
1 18
2 29
41 3 2
24 1
36 1
21 1
3 39 2
2 13
2 24
1 13
3 276 2
2 25
3 99
3 19
3 95 2
1 71
1 53
1 77
94 3 2
35 3
42 1
69 2
3 95 2
2 67
3 88
1 13
241 3 2
24 1
88 3
194 2
223 3 2
223 2
154 3
99 3
3 193 2
1 69
1 37
3 181
33 3 2
10 2
10 1
9 3
3 20 2
3 18
1 11
1 5
147 3 2
15 2
38 3
120 1
22 3 2
15 2
22 2
19 3
3 37 2
3 29
3 35
3 4
114 3 2
14 2
40 3
37 1
276 3 2
246 1
145 2
41 3
284 3 2
264 1
245 2
217 1
3 187 2
2 63
1 22
2 78
268 3 2
251 2
170 2
158 3
299 3 2
9 2
217 2
138 2
19 3 2
10 2
1 1
2 2
23 3 2
3 2
8 3
21 2
82 3 2
20 3
51 3
16 3
3 90 2
2 32
3 52
3 31
3 267 2
2 189
3 88
3 150
243 3 2
178 2
212 3
233 3
3 93 2
2 9
1 51
2 53
101 3 2
33 3
15 3
23 1
101 3 2
7 2
58 1
16 3
222 107 2
187 74
94 24
176 107
64 245 2
5 28
17 9
22 240
55 4 2
27 3
37 4
35 2
9 238 2
8 156
5 230
4 8
97 274 2
70 76
62 269
85 57
68 37 2
26 6
48 36
37 30
160 149 2
75 15
76 149
22 8
285 209 2
182 20
125 50
228 189
158 34 2
135 16
61 7
66 11
199 288 2
190 109
125 55
178 116
149 123 2
16 106
78 24
139 123
111 31 2
65 15
35 4
107 5
190 195 2
71 146
82 8
37 161
259 179 2
141 162
185 106
101 127
166 179 2
10 48
21 162
151 116
186 263 2
90 115
175 74
38 165
257 294 2
117 290
188 102
74 103
4 271 2
2 236
3 168
3 89
184 238 2
179 45
137 177
183 9
134 195 2
95 91
74 21
55 111
296 63 2
5 30
78 47
40 32
142 5 2
126 5
29 1
49 2
166 168 2
32 44
25 139
27 129
153 285 2
10 36
90 263
121 210
291 211 2
208 67
155 167
81 199
168 157 2
27 14
154 68
46 114
198 3 2
7 1
50 1
103 1
25 65 2
5 10
6 16
7 9
31 224 2
27 151
13 176
31 74
248 275 2
86 128
145 122
16 19
217 9 2
213 5
194 9
114 4
168 75 2
47 3
20 35
4 10
273 291 2
61 163
120 29
231 45
171 234 2
58 26
69 153
83 50
225 16 2
93 10
34 5
146 5
226 61 2
118 38
84 50
213 36
149 7 2
41 2
121 7
117 1
204 268 1
4 197
14 18
63 165 2
45 1
26 71
34 83
298 35 2
61 20
83 34
66 34
44 170 2
9 42
25 61
42 46
135 109 2
26 108
35 44
133 76
226 209 2
148 7
177 8
222 185
100 197 2
9 189
63 138
11 143
298 116 2
20 54
42 64
181 36
228 74 2
165 60
155 6
100 47
290 279 2
170 194
45 3
137 190
225 249 2
178 100
129 202
130 184
55 53 2
48 42
39 31
29 10
72 300 2
38 228
56 46
44 66
75 212 2
29 10
7 63
14 54
300 187 2
288 42
78 11
107 58
260 248 2
212 121
112 198
193 141
168 21 2
163 10
97 9
138 21
239 96 2
163 43
97 71
186 81
94 26 2
29 21
61 19
22 19
148 210 2
16 80
70 65
148 159
69 68 2
9 23
26 16
9 44
296 231 2
220 166
98 17
194 46
48 230 2
5 227
26 141
6 110
141 267 2
131 38
1 215
3 95
254 32 2
29 17
40 5
204 24
255 81 2
74 12
4 67
27 50
196 284 2
166 92
88 177
39 240
88 83 2
66 62
69 43
25 57
267 141 2
37 110
151 96
107 43
196 103 2
55 12
31 70
68 53
90 125 2
31 64
79 107
63 117
250 169 2
74 30
35 60
115 56
53 220 2
34 30
38 1
3 7
267 136 2
100 69
55 84
242 32
20 272 2
7 12
12 50
20 140
296 79 2
158 66
257 62
100 19
160 77 2
156 58
106 65
56 49
32 233 2
20 29
4 47
23 28
180 160 2
76 144
177 64
151 55
173 44 2
143 12
80 26
129 22
188 227 2
88 218
74 176
70 79
116 180 2
88 84
50 38
29 131
223 130 2
95 101
196 15
9 117
242 173 2
210 29
94 76
144 64
285 188 2
37 170
182 88
284 169
104 271 2
20 198
73 242
41 62
208 82 2
20 73
117 23
135 48
219 89 2
135 21
189 14
40 33
215 207 2
8 34
155 56
96 43
270 157 2
179 16
56 122
41 81
124 169 2
5 117
11 142
67 122
126 46 2
72 10
67 45
87 41
72 57 2
22 37
3 36
8 13
8 244 2
7 164
6 70
5 212
186 253 1
25 75
130 15
236 237 2
120 68
149 127
232 6
168 4 2
124 3
144 4
29 2
69 289 2
20 232
64 80
40 99
252 39 2
250 34
195 15
208 38
233 109 2
2 62
134 9
28 9
206 45 1
145 16
76 3
276 170 2
129 148
191 114
39 63
94 277 2
38 46
46 229
43 39
86 142 2
44 136
12 132
75 79
3 162 2
3 143
3 76
3 47
184 165 2
72 28
31 70
63 156
98 150 2
76 63
53 137
87 101
150 12 2
54 2
73 8
46 7
270 184 2
152 145
256 25
28 147
243 94 1
120 50
209 90
114 295 2
14 197
72 241
72 292
120 271 2
80 93
106 40
35 257
83 219 2
60 41
30 1
76 124
208 273 2
115 100
153 250
187 251
167 275 2
156 193
68 262
69 122
180 293 2
118 78
98 273
180 222
121 273 1
34 108
47 50
253 101 2
36 63
128 93
208 95
213 177 2
200 19
72 3
98 13
200 84 2
116 7
187 20
69 46
176 252 1
112 136
64 175
68 144 2
52 63
13 141
39 99
289 211 2
225 65
159 6
89 13
166 198 2
8 139
139 75
142 134
20 225 2
20 127
4 90
13 130
211 146 2
63 98
3 24
100 53
174 99 2
94 17
121 82
41 3
9 112 2
5 77
8 80
3 21
39 244 2
16 175
37 13
9 74
203 124 2
98 27
15 100
149 77
16 102 2
15 94
8 47
4 6
132 44 2
122 19
56 4
88 10
79 279 2
54 182
3 124
34 97
114 263 2
53 113
41 134
1 223
135 127 2
131 30
40 86
75 12
189 278 2
35 229
101 270
77 257
35 29 2
7 20
35 9
29 28
197 139 2
32 118
192 40
37 69
33 218 2
9 171
20 40
31 63
114 106 2
6 101
25 58
1 39
148 299 2
46 183
80 3
55 58
243 180 2
179 64
37 44
182 52
256 24 2
75 4
54 13
252 23
103 297 2
70 292
61 170
13 3
175 256 2
140 73
100 193
25 48
290 208 2
49 148
77 103
170 60
168 256 1
128 37
127 29
237 97 2
40 14
167 33
231 64
269 210 2
151 109
24 98
149 208
288 207 1
117 25
197 154
285 12 2
165 2
174 9
280 7
188 223 2
143 19
54 191
156 118
132 93 2
29 26
26 90
24 70
171 80 2
95 67
32 79
160 6
239 139 2
67 64
64 105
85 23
140 156 2
49 61
128 141
47 22
9 281 2
3 184
8 240
3 278
248 170 2
97 101
121 35
163 101
289 132 2
283 63
37 122
28 98
181 8 2
73 5
151 1
55 7
161 74 2
130 30
80 12
70 47
47 36 2
27 22
13 26
12 14
189 70 2
67 5
174 30
64 51
38 171 2
8 166
4 10
36 120
265 56 2
46 11
175 29
125 9
248 211 2
3 98
216 158
16 14
111 295 2
16 72
89 54
18 144
48 235 2
6 96
44 101
41 208
214 283 2
164 172
64 221
191 274
59 144 2
15 25
29 135
10 92
81 278 2
53 267
65 48
22 125
105 33 2
18 16
61 24
83 6
125 150 1
40 98
67 93
275 150 2
111 10
185 22
90 142
112 184 2
92 11
83 139
104 22
34 34 2
30 21
26 13
16 18
174 218 2
96 70
161 134
139 55
249 4 2
185 1
158 1
162 3
80 43 2
60 43
62 28
66 20
160 111 2
5 33
22 20
82 2
126 37 2
112 34
14 21
21 24
14 166 2
11 4
8 121
5 34
201 106 2
201 44
190 8
94 83
145 289 2
43 39
50 258
107 247
146 180 2
83 117
53 121
107 141
150 23 2
146 4
90 19
120 3
268 259 2
204 3
6 162
234 122
188 215 2
122 100
34 105
136 68
242 112 2
199 104
223 111
187 1
281 213 2
137 77
222 122
210 58
233 115 2
229 36
199 97
2 25
264 16 2
102 2
90 1
18 2
239 260 2
205 130
211 47
13 189
203 124 2
151 42
104 105
16 114
95 157 2
38 143
71 37
10 59
192 233 2
140 45
57 40
82 116
175 77 2
135 11
172 24
133 61
265 265 2
241 106
140 48
46 1
132 100 2
130 66
65 58
62 60
96 3 2
40 1
30 1
65 2
228 109 2
106 51
114 80
153 61
48 90 1
13 33
38 61
149 231 2
108 106
134 196
81 77
145 23 2
3 20
18 3
8 14
89 95 2
66 9
69 81
8 71
146 243 2
23 40
100 34
118 67
68 112 2
57 26
29 89
4 100
244 232 2
228 138
134 111
146 10
151 28 2
78 12
102 21
4 8
252 169 2
248 79
134 133
158 63
27 215 2
8 64
23 80
23 23
148 199 2
30 56
59 187
33 149
56 121 2
13 109
41 54
39 95
180 96 2
108 61
35 16
78 14
13 4 2
13 1
4 2
10 1
152 258 2
133 175
13 143
23 39
46 215 2
46 61
33 193
22 74
232 36 2
221 11
229 21
207 19
215 67 2
71 56
95 55
88 21
14 88 2
11 50
7 51
6 52
102 132 2
28 61
83 80
65 27
227 108 2
130 95
110 48
70 12
230 75 2
201 29
103 10
123 51
253 99 2
114 90
210 26
246 65
156 123 2
16 34
19 59
132 118
87 217 2
62 179
38 213
35 19
145 156 2
107 39
18 111
78 20
291 296 2
261 138
118 264
18 94
143 188 2
80 147
98 160
122 184
162 171 2
46 128
112 131
4 46
19 62 2
15 61
14 52
10 32
217 212 2
169 144
107 171
100 157
293 215 2
108 212
115 88
186 193
175 279 2
159 114
35 73
161 5
12 292 2
2 85
7 131
9 20
267 35 2
104 30
31 7
76 13
259 110 2
66 23
226 78
152 57
245 39 2
118 13
47 16
183 21
113 289 2
85 60
108 31
22 260
283 266 2
174 51
62 73
178 251
204 116 2
158 80
18 68
122 93
119 186 2
21 148
6 135
84 12
105 191 2
21 189
19 79
52 22
129 102 2
87 7
104 16
78 17
180 75 2
129 31
161 22
144 50
162 87 2
139 87
38 27
130 10
104 93 2
5 43
16 72
41 59
152 170 2
43 79
113 127
22 141
242 146 2
19 141
108 130
79 92
283 219 2
250 155
134 128
240 19
116 92 2
112 18
6 54
18 64
75 153 2
52 69
73 114
29 57
127 60 2
47 23
33 17
92 17
234 91 2
129 85
46 55
143 84
107 34 2
93 28
88 16
63 11
236 147 2
155 41
67 110
7 137
228 102 2
36 86
103 89
154 95
6 180 2
3 56
6 134
3 72
15 14 2
4 3
2 8
13 9
6 178 2
3 42
2 18
2 26
204 263 2
135 141
48 89
8 26
32 252 2
18 25
26 35
20 25
64 295 2
43 6
13 238
19 29
103 51 2
82 37
76 25
5 35
268 238 2
74 172
147 15
180 97
206 221 2
153 191
48 218
129 174
118 130 2
88 129
45 16
63 94
236 34 2
113 25
18 8
72 34
48 102 2
14 23
34 86
33 9
148 81 2
44 72
91 48
116 54
170 30 2
50 8
164 1
12 2
208 41 2
30 4
106 21
112 25
163 79 2
4 70
103 51
107 64
77 288 2
53 13
17 244
26 218
122 234 2
118 21
107 39
17 21
118 292 2
30 213
17 71
81 234
216 190 2
193 109
135 116
15 62
225 243 2
49 165
12 5
67 159
219 103 2
218 24
158 8
111 58
120 76 2
19 43
88 14
89 39
251 235 2
54 103
161 109
7 161
209 244 2
187 202
38 243
193 43
197 240 2
33 66
45 42
22 50
117 62 2
77 38
48 42
40 45
230 192 2
51 36
169 78
99 167
241 106 2
176 71
234 68
126 30
24 120 2
24 101
8 73
23 13
12 42 2
9 6
8 24
11 36
270 84 2
253 49
241 20
142 79
295 60 2
291 38
163 29
94 13
270 248 2
126 236
154 210
21 52
271 30 2
34 1
210 19
197 20
108 108 2
5 61
92 63
25 68
58 31 2
28 30
48 20
6 24
27 222 2
16 173
14 97
2 196
237 77 2
212 65
101 72
46 47
214 294 2
33 287
93 20
172 79
85 235 2
3 152
66 96
63 181
223 194 2
183 183
197 163
145 115
22 281 2
14 149
8 153
12 139
135 243 2
8 109
99 64
94 103
258 275 2
189 123
19 40
161 227
205 107 2
90 3
195 13
80 103
45 222 2
36 13
19 98
32 168
77 272 2
36 53
17 129
45 166
84 139 2
54 68
84 35
67 65
128 262 2
4 183
79 31
61 14
116 138 2
56 86
28 44
110 102
257 193 2
70 126
143 140
136 51
122 135 2
22 85
93 85
120 108
185 196 2
66 12
152 27
32 8
269 137 2
56 102
67 65
73 79
194 130 2
162 45
39 130
64 46
255 59 2
32 50
204 38
216 4
59 83 1
46 10
6 42
134 67 2
50 31
33 48
24 33
110 245 2
78 22
44 102
70 175
12 187 2
8 69
4 113
2 49
240 172 2
106 53
234 172
220 166
90 185 2
3 150
83 29
35 84
205 300 2
201 8
20 2
31 214
92 215 2
39 177
87 210
3 66
174 120 2
62 54
85 117
57 9
106 39 2
26 1
100 25
104 32
117 134 1
29 33
63 31
83 219 2
62 168
55 10
79 219
235 92 2
227 77
191 90
95 11
219 150 1
80 132
79 143
283 274 2
138 124
281 181
191 155
45 116 2
19 78
44 77
7 106
219 144 2
184 18
211 138
115 95
103 239 2
60 194
53 70
103 189
140 38 2
96 34
11 3
128 13
269 115 2
92 59
110 86
73 22
114 235 2
86 224
97 63
55 47
300 97 2
227 79
92 69
246 58
165 246 2
152 104
5 76
84 97
160 192 2
84 182
59 96
75 184
234 157 2
2 15
150 2
44 16
200 59 2
46 13
35 43
86 59
250 124 2
147 6
126 88
146 93
76 126 2
5 73
22 101
76 81
120 42 2
70 29
3 27
104 29
79 191 2
62 107
9 31
24 168
266 280 1
136 193
86 138
135 81 2
29 40
125 25
75 40
148 238 2
34 219
126 218
141 159
286 86 2
84 40
132 77
228 3
117 208 2
34 145
95 27
69 133
144 241 2
52 232
42 124
90 59
205 92 2
15 24
147 36
46 61
227 59 2
158 43
119 35
68 1
64 282 2
2 87
4 194
33 181
67 55 2
53 41
24 6
61 10
4 12 2
3 12
4 9
2 1
220 111 2
190 102
204 7
15 74
89 167 2
40 38
71 158
57 105
71 182 2
67 51
66 66
12 46
40 39 2
19 1
4 21
33 27
245 270 2
17 71
135 265
76 145
217 161 2
147 105
110 24
170 151
288 157 2
172 116
235 63
23 142
29 94 2
13 37
6 75
20 86
178 262 2
119 172
65 183
24 182
37 25 2
37 17
36 18
29 4
171 8 2
28 6
161 6
100 6
8 273 2
8 109
4 201
2 13
180 209 1
112 135
66 93
253 67 2
89 56
190 59
136 50
55 70 2
50 70
2 64
21 28
239 27 2
122 2
209 1
185 13
215 270 1
25 154
16 124
210 273 2
131 202
206 11
201 65
281 100 2
41 95
179 55
9 11
60 226 2
54 30
47 205
15 45
278 257 2
133 147
26 200
183 89
300 159 2
179 36
248 13
57 26
179 279 2
173 19
21 242
166 168
43 214 2
17 134
23 175
40 162
170 230 2
168 48
31 16
2 125
296 274 2
51 41
222 49
211 168
226 79 2
221 28
158 37
158 42
140 246 2
54 109
56 65
93 52
292 142 2
144 66
234 109
101 42
300 115 2
124 97
130 46
82 18
255 169 2
111 108
64 66
196 151
264 242 2
93 189
161 12
189 41
263 52 2
110 37
124 29
109 32
112 155 2
52 143
92 54
51 86
65 292 2
51 78
11 228
47 191
17 222 2
12 142
4 130
1 132
136 205 2
86 28
65 168
69 93
219 292 2
128 201
187 151
166 173
93 118 2
8 16
56 68
54 10
129 253 2
65 118
106 220
24 26
238 215 2
154 165
34 171
45 207
22 216 2
5 76
22 147
18 57
176 18 2
101 16
3 15
45 14
84 219 2
42 214
22 155
50 131
58 258 2
2 45
38 106
53 90
121 289 2
59 80
103 110
28 277
12 193 2
6 40
9 95
5 183
36 218 2
5 181
13 188
33 208
96 214 2
32 213
24 75
26 168
24 34 2
8 26
19 6
16 18
54 202 2
25 8
24 46
39 89
55 5 1
10 5
29 3
76 22 2
26 13
19 12
74 17
269 247 2
163 26
121 23
61 247
265 137 2
77 70
86 71
17 64
62 258 2
60 64
22 227
16 135
76 12 2
27 3
55 1
30 1
203 271 2
156 138
147 155
154 197
272 47 2
155 20
148 20
101 33
226 58 2
43 18
197 10
207 35
103 122 2
91 3
32 104
42 57
18 108 2
11 71
10 46
11 66
108 10 1
102 9
15 10
282 172 2
180 153
51 150
218 112
219 9 2
113 5
207 1
48 7
285 83 2
204 81
124 34
239 70
206 83 2
90 33
206 14
37 23
174 89 1
125 82
48 49
245 129 2
32 38
83 22
158 118
125 29 2
121 21
21 5
83 5
167 221 2
97 21
65 129
138 68
26 47 2
21 7
1 30
8 43
161 252 2
93 169
97 96
79 158
105 144 2
5 45
2 111
10 28
280 234 1
221 97
32 26
205 245 1
98 138
192 25
268 125 2
95 43
133 87
178 56
160 224 2
142 112
129 40
64 100
221 169 2
167 36
77 132
59 98
230 274 2
33 132
107 18
54 15
7 266 2
3 60
4 151
1 134
190 159 2
137 157
18 145
151 94
112 255 2
102 227
98 137
60 252
287 89 2
203 36
127 72
233 67
238 147 2
23 67
177 86
152 9
290 128 2
234 49
126 102
147 71
119 182 2
116 43
18 48
79 56
252 238 2
34 111
161 186
18 176
299 83 2
257 66
283 11
223 33
230 13 2
26 12
137 13
100 7
219 149 2
27 45
108 66
165 63
122 174 2
114 131
29 27
94 37
250 44 2
1 12
160 28
194 31
286 159 2
237 1
217 71
275 97
203 192 2
178 71
108 105
103 12
138 112 2
36 65
32 20
91 99
92 137 2
11 82
30 100
53 119
200 135 2
198 60
57 108
126 74
129 52 2
4 17
104 11
114 41
68 46 2
28 20
8 23
52 12
170 240 2
155 128
89 28
34 87
245 231 2
8 161
5 46
140 93
89 62 2
44 62
11 21
65 45
252 104 2
49 104
52 22
2 45
140 187 2
53 133
115 43
94 148
64 223 2
5 170
33 136
34 45
231 194 2
126 103
225 25
165 122
225 97 2
85 69
60 60
60 18
24 6 2
7 4
5 4
21 1
263 243 2
108 121
243 25
52 240
19 99 2
9 50
7 20
16 44
31 196 2
11 191
11 166
27 6
130 157 2
128 13
47 99
31 19
20 243 2
9 4
17 17
6 178
37 148 2
31 148
14 23
31 92
233 31 2
1 12
202 25
229 1
210 270 2
82 245
10 189
65 134
158 38 2
139 32
2 9
72 27
97 122 2
60 45
21 37
11 46
39 189 2
7 53
23 32
20 27
199 299 2
36 203
10 26
93 85
52 11 2
14 4
29 1
35 10
242 212 2
151 141
172 30
116 5
177 156 2
169 111
111 94
58 20
5 127 2
3 33
4 37
5 79
11 69 2
2 10
7 6
11 55
276 201 2
164 35
103 138
169 123
299 84 2
235 27
246 33
213 65
74 205 2
73 168
9 85
28 80
123 154 2
112 11
40 58
109 86
53 59 2
52 39
9 45
9 35
298 187 2
61 71
42 87
92 4
242 166 2
75 106
2 83
105 43
117 260 2
18 16
68 35
5 77
12 28 2
1 22
3 1
6 1
113 247 2
45 152
65 130
76 84
142 138 2
37 101
127 118
81 49
110 28 2
95 24
49 12
66 10
192 142 2
46 35
184 4
29 16
57 235 2
36 169
31 54
29 77
143 248 2
66 187
127 3
68 236
143 241 2
120 104
126 109
29 55
288 245 2
29 32
40 242
277 93
169 56 2
80 45
104 47
35 34
154 261 2
94 84
21 55
116 213
32 154 2
19 97
11 9
6 111
9 54 2
1 13
5 54
8 9
169 222 2
26 84
131 82
29 167
212 223 2
23 56
22 183
23 34
221 21 2
177 11
83 19
210 18
40 161 2
4 99
7 151
3 24
283 210 2
173 59
184 92
59 109
193 256 2
35 122
93 50
23 99
163 150 2
141 92
10 57
156 118
152 125 2
142 29
107 118
124 64
86 61 2
22 1
86 38
74 6
263 156 2
161 65
135 70
68 92
81 124 2
25 109
69 65
53 101
234 255 2
25 112
88 203
92 186
33 204 2
23 87
1 194
33 43
281 89 2
81 84
20 88
280 52
226 192 2
159 49
92 183
34 57
70 14 2
14 10
66 14
27 10
61 206 2
18 198
17 81
52 151
40 255 2
18 189
18 91
15 75
272 69 2
83 18
40 67
137 68
254 19 2
49 19
145 12
93 2
151 265 2
71 197
35 181
59 9
6 61 2
1 40
1 24
1 56
22 269 2
8 211
18 92
19 136
154 31 2
110 11
52 25
80 22
243 32 2
58 27
50 29
128 5
156 129 1
130 26
151 5
48 105 2
32 94
15 21
44 59
247 215 2
237 91
116 144
227 133
100 16 2
33 3
15 7
23 4
115 154 2
66 71
37 112
39 20
147 17 2
88 4
116 12
126 13
263 217 2
83 84
123 214
168 45
280 58 2
41 14
270 57
220 10
294 83 2
75 44
53 29
10 31
132 79 2
20 78
37 42
92 6
60 262 2
8 63
29 37
40 141
290 208 2
54 130
110 13
284 75
137 67 2
30 31
103 54
33 45
288 125 2
19 107
148 22
119 38
265 279 2
147 63
81 114
59 273
135 76 2
86 62
79 36
131 27
116 50 2
5 11
37 48
44 11
290 225 2
91 99
219 47
156 186
230 263 2
123 171
209 96
155 221
299 54 2
163 31
161 22
293 53
13 117 2
8 84
9 65
7 47
190 179 2
102 8
155 109
12 120
40 123 2
33 8
13 43
11 46
5 221 2
1 141
1 4
2 49
36 242 2
27 8
14 116
2 131
269 253 2
106 93
132 204
151 246
59 4 2
50 4
22 2
18 2
111 209 2
85 39
34 197
98 204
261 165 2
41 95
240 143
110 149
3 266 2
2 75
1 35
3 102
279 230 2
81 36
223 66
222 212
56 64 2
9 22
31 55
30 41
99 154 2
64 39
37 31
61 5
265 212 2
190 124
249 112
97 89
168 242 2
55 111
70 57
22 187
128 294 2
90 7
83 139
86 195
199 286 2
57 69
65 214
7 264
14 288 2
4 154
2 217
12 141
162 228 2
34 208
32 123
151 59
124 45 2
18 33
89 41
73 25
220 28 2
146 21
167 8
27 8
46 247 2
31 129
26 113
14 182
209 299 2
50 42
137 92
53 197
148 195 2
18 127
16 35
77 189
186 79 2
113 15
33 41
63 12
239 102 2
209 67
202 48
86 28
300 10 2
55 8
197 5
93 1
14 174 2
1 33
12 78
1 20
43 22 2
28 12
12 20
35 16
236 226 2
138 207
234 63
75 17
35 233 2
26 128
22 96
7 88
113 99 2
4 36
43 47
79 47
213 83 2
17 9
1 55
200 67
285 11 2
128 7
281 8
46 10
31 76 2
2 60
25 20
28 33
253 202 2
75 120
51 5
228 92
58 199 2
26 117
45 105
31 144
34 217 2
4 127
5 172
19 139
241 128 2
140 124
214 90
197 122
183 32 2
26 21
46 12
73 28
225 143 2
130 66
57 15
71 34
293 132 2
260 47
284 23
194 17
79 37 2
31 1
34 15
37 31
168 222 1
141 222
128 5
137 283 2
112 25
93 98
91 128
230 97 2
217 17
59 27
124 80
280 220 2
176 26
89 181
245 114
199 298 2
45 200
173 218
42 194
143 10 2
89 1
30 1
27 2
150 202 2
28 194
28 163
23 54
263 139 2
168 22
249 48
202 130
16 26 2
14 24
3 16
6 14
49 41 2
5 31
41 41
39 23
122 18 2
84 18
55 1
60 2
12 174 2
5 70
12 170
8 44
164 264 2
14 259
133 146
158 156
186 238 2
76 199
63 66
161 30
157 66 2
122 39
54 36
28 19
224 213 2
48 133
146 139
57 84
111 203 2
92 37
59 48
38 20
127 274 2
60 98
90 146
37 9
23 108 2
14 9
8 92
6 59
28 54 2
9 19
21 26
17 8
180 18 2
129 10
176 10
67 17
37 197 2
25 129
28 69
37 60
79 170 2
55 138
76 81
4 5
225 175 2
60 166
196 157
113 58
36 263 2
3 137
26 253
12 108
175 284 2
116 12
113 282
42 124
3 6 2
1 1
2 4
3 3
90 181 2
2 132
37 21
46 131
105 72 2
59 50
55 19
24 64
270 144 2
256 47
20 113
251 22
31 134 2
16 26
19 122
25 46
221 142 2
185 6
114 41
54 120
64 141 2
21 77
11 126
12 115
19 55 2
10 5
7 31
14 4
75 44 2
33 40
47 7
46 22
279 246 2
235 9
132 107
27 6
96 247 2
4 98
16 247
23 216
133 27 2
29 2
14 21
119 2
74 295 2
62 30
51 29
25 91
205 298 2
150 136
39 115
103 259
63 33 2
34 6
15 5
47 24
135 219 2
82 197
62 100
7 29
174 93 2
18 43
173 13
40 22
228 70 2
119 56
87 32
70 27
40 240 2
24 101
26 139
26 71
163 44 2
147 34
52 10
91 15
211 173 2
67 156
104 24
14 15
271 14 2
54 1
252 7
34 8
6 16 1
3 8
1 10
277 153 2
84 34
91 93
251 14
172 242 2
1 140
47 226
147 42
145 252 2
125 134
40 221
115 10
63 26 2
29 23
14 19
44 8
193 291 2
22 179
60 194
4 5
163 247 2
54 21
30 203
133 149
182 84 2
142 56
180 26
79 80
182 172 2
66 86
122 155
109 94
135 7 2
70 3
125 2
130 6
253 241 2
210 160
88 202
229 174
24 182 1
15 26
21 144
282 150 2
63 89
54 68
280 8
6 105 2
2 33
1 20
3 80
160 163 2
38 130
112 4
58 86
6 35 1
6 9
6 10
174 131 2
26 86
61 8
159 129
31 296 2
10 119
5 234
6 72
21 119 2
16 47
11 59
17 49
201 177 2
45 174
72 46
197 86
212 263 1
12 141
14 66
113 162 2
87 18
90 11
69 155
50 139 2
44 45
6 120
5 60
291 177 2
259 154
268 97
265 113
68 268 2
55 11
41 165
3 94
146 38 2
12 34
97 18
136 21
288 91 2
182 85
60 37
209 73
138 220 2
74 97
137 165
125 84
127 291 2
14 43
21 103
104 264
214 47 2
141 22
72 2
209 8
206 208 2
135 37
186 185
52 155
7 299 2
7 192
4 16
3 163
109 300 2
31 290
66 235
76 294
89 133 1
7 18
9 56
3 107 2
2 3
2 98
2 36
124 63 2
1 63
2 43
86 42
263 183 2
210 164
92 31
94 87
16 294 2
12 204
9 44
16 181
266 198 2
136 10
132 27
87 177
251 67 2
88 27
226 5
55 46
117 151 2
43 73
58 60
113 97
129 232 2
49 217
27 217
30 198
166 9 2
4 9
91 9
26 8
30 197 2
1 130
17 133
11 160
104 89 2
55 77
36 11
92 82
248 131 2
104 102
103 2
176 25
80 112 2
38 85
23 94
71 98
55 246 2
34 75
16 206
10 145
110 107 2
42 7
17 71
20 70
186 281 2
32 85
37 244
92 75
208 228 2
154 183
49 65
124 143
139 279 2
22 167
128 80
56 190
6 146 2
1 103
2 83
2 13
281 248 2
220 171
278 11
173 26
287 217 2
15 64
264 181
103 21
268 149 2
23 79
91 30
159 19
256 16 2
24 14
88 12
19 12
249 262 2
173 108
144 110
53 92
22 55 2
10 6
1 5
20 21
294 106 2
251 56
19 44
248 28
6 34 2
2 26
1 19
4 10
158 63 2
43 4
33 57
88 55
219 195 2
210 103
85 22
88 22
70 6 2
16 1
47 6
68 1
43 180 2
40 104
14 48
30 115
