50
2 1
10 20
1 2
2 0
10 20
1 2
4 1
1 1 1 1
2 1
4 1
1 3
4 2
1 1 1 1
2 1
4 1
1 3
6 2
5 4 1 3 2 4
5 1
5 4
5 3
5 2
6 3
9 2
2 14 7 6 11 3 6 1 8
4 5
6 7
8 9
1 3
6 8
2 4
4 1
1 8
9 50
9 14 7 6 11 3 6 1 8
4 5
6 7
8 9
1 3
6 8
2 4
4 1
1 8
50 1
12950978 10107365 7981034 1572495 13549019 655413 15401165 16656179 3846451 511190 2965768 3070755 9505448 8830912 5183646 12307813 10042119 8443849 17808958 3124417 3320215 8299979 18992172 773873 15857870 12375924 2056513 80773 6610215 6326442 15547401 12533078 10141195 5407641 3619594 11236004 17899756 12347226 445476 1201615 7560049 19766081 14538516 3035822 17306571 19624131 2677522 6674576 11116583 2273794
20 1
20 25
25 28
28 37
12 37
33 12
40 33
3 40
6 3
6 35
35 19
39 19
39 16
16 7
41 7
27 41
27 18
18 48
5 48
4 5
4 38
38 29
10 29
34 10
34 2
36 2
36 22
22 24
24 9
9 42
45 42
23 45
11 23
46 11
46 47
47 17
17 15
32 15
8 32
13 8
50 13
21 50
21 43
43 49
31 49
44 31
26 44
26 30
14 30
1 2
966
11 2
237 785 609 909 384 74 708 617 726 259 360
1 10
10 4
5 1
5 11
6 10
4 7
8 4
3 6
11 9
7 2
50 2
7012957 18138620 8611393 8096609 10833317 2591267 6940245 11402249 19818516 1074146 2811156 3315056 1888851 14319976 18988110 8202323 4386154 19914934 9270446 2428025 18675330 14915902 11772489 9416418 16365764 172310 13144662 9680267 14778207 8551129 10114301 9271265 10616233 17859354 11944008 314560 2579805 18878598 6896438 14240038 9862147 2256277 14809838 1863545 4739693 11038957 12548881 19367537 354141 8198483
10 1
48 10
39 48
22 39
26 22
38 26
38 47
47 37
37 36
36 5
5 33
33 42
11 42
32 11
28 32
28 41
41 34
34 45
45 8
8 16
24 16
31 24
21 31
21 30
30 50
9 50
9 20
6 20
6 40
40 29
49 29
35 49
18 35
3 18
3 46
46 2
27 2
17 27
12 17
14 12
14 7
23 7
23 15
13 15
13 44
19 44
19 25
25 43
4 43
50 0
5375289 19964997 14037314 15712014 6027045 18445208 1964998 9674264 9138311 5987478 13380720 10602394 2028662 8024831 2787954 799206 3850110 3711355 1293701 10427328 12219656 7342163 18712857 5274531 14522071 362950 15860135 6859946 9010094 2415113 1812258 10660130 2278928 18955999 11976843 8323497 19179807 19365584 2860708 16789506 15013286 17824009 9810108 6113401 8864306 14302159 10718889 15220717 12597851 14101921
39 1
49 39
49 7
7 47
30 47
30 28
28 21
21 33
27 33
27 3
11 3
41 11
40 41
40 13
13 48
48 19
19 35
26 35
26 15
15 31
6 31
6 24
34 24
36 34
20 36
20 16
45 16
25 45
5 25
42 5
14 42
43 14
29 43
36 37
37 46
46 4
4 12
12 10
2 10
23 2
23 50
32 50
32 17
38 17
8 38
8 22
22 9
9 44
18 44
50 2
4759577 3487676 15526909 16819981 14459650 520690 19216891 2231737 2900534 4678392 15912785 9375030 11342264 5550351 9909279 523873 10665547 15165670 13601461 19645512 5448305 12988859 6377721 10645778 11005948 3561511 16374810 8561878 2791326 1151763 16434665 4372628 6871450 10089224 15075376 16726250 17697364 14744435 12460903 15769628 1787167 3684725 13722381 1580710 16481889 14510414 10910960 6181731 6371886 16172264
1 42
42 17
17 9
21 9
21 18
33 18
28 33
28 3
2 3
13 2
13 12
14 12
34 14
34 10
10 6
6 31
1 7
7 47
47 37
4 37
5 4
5 8
8 27
38 27
29 38
23 29
23 49
43 49
20 43
30 20
48 30
48 11
25 11
19 1
19 15
15 16
16 36
45 36
45 22
22 41
41 32
46 32
50 46
44 50
24 44
24 26
26 39
40 39
40 35
50 2
19866406 14299802 7728998 4807243 12153899 19153499 8401086 14122650 59785 13844135 7719949 12210219 18521211 12107195 15901560 2476381 10034125 19410264 12620233 916122 1137996 12879744 19202209 10928808 6723389 16984269 6990285 12795790 15302403 13482606 8938673 12730400 16747236 9512894 5773536 3509290 11467749 516994 10617550 9493557 1124561 7795391 14237085 12777976 9305945 6571574 10896659 14080862 8546901 15994494
40 1
48 40
48 3
6 3
6 42
42 46
28 46
28 8
8 32
37 1
23 37
23 2
9 2
9 31
31 44
16 44
16 45
20 45
20 47
1 30
33 30
35 33
11 35
11 24
24 5
5 34
34 39
39 17
14 17
1 26
27 26
27 22
22 29
29 15
50 15
25 50
13 25
49 13
41 49
19 1
12 19
43 12
18 43
10 18
10 21
21 36
4 36
4 7
7 38
50 13
11666219 17388660 15645614 18161170 12858167 5869455 6250984 3126150 5098318 7211100 18548444 6385228 3074133 17574645 1178841 5701738 13797922 10050931 7187691 8351794 13085275 5033512 16976270 15526660 2610300 3811190 12530302 19530170 17792502 2181706 9822121 13976756 8510069 7649849 13605702 19340159 12233786 8129589 7255039 13962532 4370856 3741419 13196362 17501963 3408602 2345661 18050006 10812299 7919729 5754455
46 1
50 1
46 14
18 46
47 50
12 50
14 10
24 14
6 18
31 18
47 49
47 35
23 12
43 12
17 10
10 48
39 24
24 11
42 6
6 22
31 27
31 33
49 5
49 3
35 38
26 35
9 23
23 25
28 43
44 43
17 2
17 29
48 15
48 19
39 41
39 32
11 8
11 20
36 42
42 13
22 37
4 22
27 45
40 27
21 33
33 34
5 7
16 5
30 3
50 9
10404487 5998196 6381235 19148180 4795032 17247338 7511046 13695022 3800873 137328 11531074 3796092 764515 12834507 16500529 9872186 4161870 9405660 743870 745044 19157513 12752597 45512 17410542 18645410 17895560 3412873 12053373 17476760 2724443 8892573 17499666 18596074 3954520 19315122 17485751 4114139 11756129 680139 1341682 13807173 16612992 6891056 19124070 6714263 18472541 19508214 8682905 6225773 1612489
1 27
27 42
49 27
49 48
27 14
48 50
49 46
14 12
41 12
34 41
46 4
41 5
4 10
3 34
10 32
5 17
31 17
31 6
6 2
6 9
26 2
18 9
47 2
9 44
38 26
21 44
20 21
37 44
38 25
25 35
35 7
22 37
25 19
7 33
7 39
19 15
39 8
16 8
24 15
13 16
28 24
16 29
29 23
30 28
36 30
29 43
45 30
11 36
40 45
50 22
14421601 2317840 3356929 16840826 5766543 11994118 19302791 1994541 7913396 7161074 19074789 2025395 4771604 11737428 19470395 1763503 5601464 14191213 15163083 11535722 10944843 7033102 1145952 12262387 1586325 14545035 15737435 8772192 11269521 13535183 10779995 1924146 1049644 17503113 5673096 17764311 320157 8159620 13624957 4510024 6793563 6479893 13939663 2482131 2545088 7334061 2623294 9750515 10143288 3091598
24 1
1 34
1 25
42 1
1 45
32 1
27 1
39 1
40 1
1 23
37 1
1 6
47 1
29 1
46 1
9 1
43 1
33 1
1 15
1 50
1 5
16 1
14 1
1 21
1 13
44 1
1 28
1 36
1 4
30 1
1 49
1 20
1 7
3 1
22 1
2 1
1 35
18 1
1 8
1 12
1 38
1 11
41 1
48 1
10 1
1 19
1 26
31 1
17 1
50 6
10935611 10081554 1173178 4417781 19467444 2592747 17477256 15041749 3275525 12503721 4858099 3525792 9475169 11452895 560225 12188660 18649786 16050628 11419501 19680668 17016534 14141251 7456912 19321835 10400525 4982831 6695787 7241023 1457309 18051220 2676915 19109797 6571945 8293160 17208249 373659 239316 12328673 15717525 9879280 16905334 8064416 19135214 14490312 16439674 9193995 8121449 6847164 15896276 7778168
5 1
1 49
24 49
12 24
9 49
5 47
35 47
16 24
8 47
9 3
9 36
47 20
20 28
40 28
28 23
43 8
43 18
45 28
40 19
37 20
40 44
6 23
44 29
30 6
30 2
2 34
19 10
31 10
48 6
48 42
29 17
42 22
48 46
46 7
32 46
46 41
38 22
17 26
26 27
7 25
32 39
41 21
27 50
26 33
50 15
13 27
15 11
4 25
14 13
1 50
680
1 50
126
6 0
878 65 943 171 117 674
1 6
5 1
5 2
6 4
2 3
11 0
368 900 717 135 909 621 52 793 91 290 175
1 7
6 7
1 9
3 6
3 10
6 2
8 7
5 3
11 5
2 4
1 0
93
50 12
1987597 107695 1602872 55699 1618784 1690381 303788 1824233 115285 1892814 1069091 754678 254478 98075 1545931 1473190 488976 779118 300296 215528 1142395 919893 1217148 1149442 1142099 996966 595880 259598 1900156 888640 607148 1373588 1163333 1889849 271530 1187525 741147 1565993 360521 1056594 327390 66898 1730517 359015 1688272 1965034 323332 315336 1226665 586439
19 1
10 1
10 36
36 49
5 1
10 13
49 44
5 3
13 39
1 50
5 43
50 22
44 7
7 16
24 10
23 1
23 40
38 1
3 20
2 50
3 34
7 8
25 23
1 33
8 9
25 46
1 11
9 17
8 29
38 28
47 9
34 21
37 1
11 26
1 27
46 15
47 4
45 17
4 14
41 17
35 27
37 12
27 6
30 12
35 48
31 1
41 18
32 6
42 48
50 7
466491 1676198 1173998 179963 914164 1198164 1053619 58019 1865170 966034 1525617 1757319 758041 1918799 754386 54844 1911485 627729 1178575 468041 427111 986962 827907 1157903 1931161 1712885 646043 41043 1731432 1951843 441706 1637226 656488 1259207 616473 382848 1132199 80866 847100 1051524 241871 466059 944127 74675 1004655 176455 150335 1953088 1295443 1852161
1 42
1 8
1 6
8 9
48 1
27 9
43 27
1 7
50 1
1 20
48 2
31 1
17 1
1 11
1 33
37 6
12 48
24 33
1 28
50 26
24 15
10 20
31 19
2 40
24 36
1 14
1 49
1 13
4 19
14 38
36 35
3 26
34 14
44 1
25 44
1 5
46 25
1 29
1 18
1 47
1 41
16 1
41 39
30 25
1 45
21 25
32 5
18 22
1 23
50 13
1982096 1465660 1378321 1688794 1560386 840607 1987452 1785627 27415 17474 1664452 1035678 1123588 1605169 1190660 1665814 1472120 71188 95120 255999 662214 599121 1238770 317971 1096490 1130830 1724288 219861 641658 1994452 1774871 1178314 1434858 1468687 1149942 1401159 494972 866994 1377081 1463654 774018 198327 247791 491026 248913 283332 1844955 24898 818820 1028265
2 1
21 1
50 1
1 14
1 26
7 1
9 14
1 28
50 49
27 1
31 1
23 1
39 1
4 1
49 37
41 1
15 50
29 28
27 42
20 1
10 23
9 18
28 17
39 46
48 17
45 1
5 37
19 1
25 5
20 40
15 24
38 20
48 36
8 17
34 25
43 1
18 30
32 38
22 1
35 36
13 36
1 44
3 1
30 11
1 16
33 1
8 47
1 12
1 6
50 17
1475680 1030091 1494808 30873 643499 532964 471573 36009 1398673 1783078 1549763 262018 1292538 1546553 1608659 254662 1763742 285726 185094 1584435 576680 1763525 929747 573708 1051749 386363 1895985 1044248 137001 1378944 28802 1427780 574911 1966327 823836 1833699 229258 1325430 491380 946326 1793980 1390077 1489257 31815 444594 1936516 562859 1918287 851307 332397
6 1
1 40
38 40
8 1
3 38
1 49
15 1
1 33
6 9
19 1
49 2
1 47
20 6
11 1
1 21
10 1
34 20
26 1
16 1
2 27
23 1
5 1
1 12
1 45
37 1
31 1
30 5
1 50
50 43
39 1
1 4
16 7
1 17
14 1
42 7
48 14
1 28
46 50
44 1
36 7
41 1
35 1
25 14
18 1
24 7
13 1
1 32
29 17
1 22
50 19
1091327 199058 1512638 1638857 1738572 619725 1916591 1387330 1772520 150972 1213278 1900847 1350508 225179 1464333 201000 947730 1462346 722206 764119 693660 512625 1674897 1858920 1927011 1047741 314523 59164 673279 1621063 149215 692093 178832 535062 1263691 518316 821415 560827 1084050 1385814 256981 95771 1808961 132293 1496781 1136457 9472 561554 1113272 1754001
8 1
1 21
8 35
8 32
43 1
35 48
1 7
27 43
1 15
1 33
29 1
14 1
1 50
36 1
45 1
41 1
1 24
31 1
7 5
20 1
1 19
13 1
6 1
1 39
1 10
1 25
28 1
49 1
1 23
1 3
44 45
1 30
2 1
47 1
49 42
12 42
38 1
9 23
26 23
16 1
46 25
1 18
1 40
4 1
22 1
11 1
17 1
34 11
1 37
6 2
641 56 652 414 744 827
1 4
4 3
5 3
4 6
2 4
10 3
858 8 10 929 136 678 895 18 879 362
7 1
6 7
6 2
2 10
4 2
4 5
5 8
8 3
8 9
10 4
273 859 879 771 369 675 370 708 509 192
5 1
3 5
9 3
8 1
1 7
6 5
10 9
4 1
2 9
5 4
501 854 247 245 151
1 2
2 4
3 4
5 3
9 2
686 161 324 101 61 725 735 130 744
2 1
1 3
5 1
1 9
7 9
6 7
8 2
3 4
8 1
460 894 297 169 447 963 836 2
3 1
1 5
5 2
4 2
5 7
6 5
4 8
12 3
713 673 757 856 679 517 346 969 571 355 974 753
2 1
4 2
4 7
1 11
11 10
8 1
6 2
1 12
5 10
9 8
9 3
7 2
484 364 425 214 396 49 915
1 2
5 1
1 7
3 2
2 4
6 4
10 3
927 902 624 949 678 21 957 1 263 210
1 6
1 9
10 9
6 2
6 8
3 6
7 1
2 4
5 6
12 3
168 339 670 401 876 245 405 267 665 598 182 250
1 7
2 1
1 8
3 8
2 9
4 3
6 1
10 1
10 12
6 5
6 11
11 2
82 593 439 459 736 789 656 531 134 554 977
7 1
4 1
7 3
4 8
3 6
6 5
6 9
6 2
10 5
9 11
11 1
939 365 294 393 184 250 239 924 650 462 231
1 5
5 10
5 2
1 9
7 5
9 3
6 10
4 2
3 11
7 8
8 3
26 154 337 78 280 237 429 71
1 3
1 7
8 7
7 4
5 4
6 1
2 7
10 3
510 897 862 332 162 433 937 55 483 166
1 6
7 6
3 6
2 6
10 2
9 3
10 5
4 5
5 8
7 3
836 38 857 726 21 461 861
1 2
2 3
3 6
4 6
4 7
7 5
7 50
677 667 115 274 38 165 94
5 1
5 6
6 4
3 6
7 4
2 3
4 2
325 20 224 282
4 1
1 2
4 3
12 1
790 760 288 193 450 709 411 830 184 796 472 334
1 3
6 3
6 9
4 9
4 2
10 2
10 7
8 7
8 11
5 11
5 12
12 1
104 478 406 399 243 982 516 775 324 380 703 314
1 10
12 1
12 2
7 1
12 8
10 6
11 1
4 8
5 11
5 9
3 5
10 4
777 244 558 15 509 151 465 501 614 757
7 1
6 1
5 7
6 2
2 4
9 2
10 9
9 8
3 10
7 1
311 386 658 498 195 568 985
4 1
6 4
5 6
3 5
3 2
2 7
12 2
235 733 497 468 728 452 524 310 203 767 142 357
4 1
5 1
5 6
10 1
1 7
4 2
12 5
10 11
2 8
9 11
9 3
