1,3,231~3,3,231
4,5,264~4,5,265
7,8,70~7,9,70
6,7,173~6,9,173
1,7,106~3,7,106
7,6,278~7,7,278
0,7,145~3,7,145
4,6,116~4,7,116
6,1,261~6,2,261
2,7,15~2,9,15
4,3,154~7,3,154
5,2,110~7,2,110
5,6,147~7,6,147
9,5,176~9,9,176
4,2,90~5,2,90
0,0,258~2,0,258
0,1,148~0,3,148
0,1,149~0,2,149
5,1,133~5,3,133
4,4,220~4,7,220
3,2,6~3,4,6
0,3,120~0,4,120
2,1,139~3,1,139
5,2,298~7,2,298
6,6,214~7,6,214
6,0,65~6,2,65
0,0,26~0,3,26
6,1,6~6,1,8
1,5,183~2,5,183
5,5,141~5,8,141
1,5,195~2,5,195
6,1,107~6,4,107
1,5,40~3,5,40
2,1,242~5,1,242
2,7,257~4,7,257
4,6,131~4,6,134
3,5,3~3,7,3
1,8,250~4,8,250
5,4,79~6,4,79
5,5,264~7,5,264
6,0,142~7,0,142
8,1,78~9,1,78
7,0,240~7,1,240
1,2,241~1,2,243
2,7,237~2,9,237
2,9,184~4,9,184
1,6,44~1,9,44
2,6,149~2,9,149
5,6,164~8,6,164
0,2,229~4,2,229
2,7,189~3,7,189
6,6,181~8,6,181
5,7,187~7,7,187
5,8,218~5,9,218
3,6,208~5,6,208
1,2,148~3,2,148
8,7,81~8,7,81
5,4,45~5,6,45
4,0,243~4,2,243
4,5,239~5,5,239
8,7,103~8,9,103
2,3,64~2,6,64
4,3,143~6,3,143
2,5,139~4,5,139
2,2,235~3,2,235
2,1,115~2,3,115
4,7,201~4,9,201
0,0,29~0,3,29
3,0,79~3,1,79
2,0,170~4,0,170
5,5,165~5,7,165
6,1,73~6,3,73
3,1,130~6,1,130
8,1,79~8,1,82
1,6,213~3,6,213
2,8,49~2,9,49
1,4,146~1,5,146
0,4,271~1,4,271
1,3,197~1,7,197
0,2,65~1,2,65
4,6,136~6,6,136
3,2,213~5,2,213
9,4,89~9,5,89
6,1,19~6,3,19
0,2,85~0,2,87
0,2,193~0,2,195
4,1,260~7,1,260
2,8,192~2,8,194
8,3,219~8,5,219
4,7,225~4,9,225
4,1,265~4,2,265
5,0,9~6,0,9
4,5,117~4,7,117
6,1,63~6,3,63
2,9,258~2,9,261
1,7,302~1,9,302
0,8,80~0,9,80
3,8,81~3,8,83
0,7,257~1,7,257
1,8,2~2,8,2
1,0,235~1,1,235
5,3,291~6,3,291
1,8,300~3,8,300
5,9,75~6,9,75
4,3,136~6,3,136
4,5,67~7,5,67
1,4,234~3,4,234
2,8,231~5,8,231
9,3,242~9,6,242
4,4,59~4,4,61
1,4,242~1,6,242
4,4,90~4,6,90
3,3,212~3,6,212
1,4,121~4,4,121
4,4,205~7,4,205
6,5,222~7,5,222
0,2,58~3,2,58
0,6,182~2,6,182
5,3,76~5,6,76
6,7,21~8,7,21
7,0,153~7,2,153
7,0,219~9,0,219
0,5,17~0,8,17
1,3,65~3,3,65
3,7,244~5,7,244
1,1,232~1,2,232
4,8,289~6,8,289
1,3,22~3,3,22
4,3,297~4,6,297
6,4,52~6,6,52
3,1,169~3,4,169
4,0,237~4,3,237
1,3,66~2,3,66
0,9,186~0,9,189
4,4,235~5,4,235
8,7,241~8,9,241
6,4,86~8,4,86
1,8,176~3,8,176
7,2,60~7,4,60
4,2,145~7,2,145
5,8,259~7,8,259
0,6,78~0,8,78
3,2,205~6,2,205
0,3,270~1,3,270
6,4,151~6,6,151
7,2,230~9,2,230
3,1,238~3,2,238
2,5,299~2,7,299
3,3,221~3,5,221
5,0,91~5,2,91
4,2,156~7,2,156
2,6,29~4,6,29
8,1,35~8,1,38
6,3,66~6,3,68
1,0,27~4,0,27
6,6,80~6,6,82
7,0,63~7,3,63
8,6,1~8,6,3
8,0,77~9,0,77
3,2,91~3,2,94
1,8,211~1,9,211
0,2,22~1,2,22
0,7,273~0,9,273
7,1,179~7,2,179
2,5,251~2,6,251
0,3,57~0,5,57
6,3,193~6,6,193
5,3,208~5,5,208
0,1,70~1,1,70
6,7,37~6,9,37
4,1,256~7,1,256
3,2,208~3,2,210
9,6,228~9,6,228
9,5,202~9,5,202
4,0,206~4,2,206
6,2,220~6,3,220
6,7,61~6,7,64
7,6,18~7,8,18
3,6,198~3,8,198
7,1,157~8,1,157
5,6,157~7,6,157
1,0,185~1,2,185
3,4,209~6,4,209
2,1,118~5,1,118
1,9,230~1,9,233
8,6,253~8,9,253
6,5,122~6,7,122
8,1,286~8,4,286
7,8,1~7,9,1
7,0,217~7,3,217
6,5,289~6,5,290
6,5,94~6,5,96
8,3,239~8,5,239
4,4,206~4,6,206
2,2,219~2,5,219
1,4,265~1,4,266
6,8,236~6,9,236
4,7,110~5,7,110
0,7,121~0,9,121
2,8,271~3,8,271
9,7,95~9,9,95
4,3,222~6,3,222
9,0,80~9,1,80
5,6,93~7,6,93
3,0,120~3,2,120
5,9,198~8,9,198
0,6,72~0,7,72
2,7,69~2,7,72
6,0,139~7,0,139
2,0,122~4,0,122
2,0,133~2,2,133
8,6,257~8,6,259
9,5,93~9,8,93
2,9,105~4,9,105
2,1,237~2,2,237
6,4,55~9,4,55
2,6,140~2,8,140
0,2,31~1,2,31
5,6,246~8,6,246
0,3,177~2,3,177
5,5,132~5,9,132
9,3,245~9,3,247
4,9,77~5,9,77
0,1,262~3,1,262
2,8,142~2,9,142
5,0,249~5,3,249
8,6,234~8,7,234
5,6,168~6,6,168
2,6,32~4,6,32
6,7,156~8,7,156
6,8,103~6,9,103
6,6,68~8,6,68
9,2,226~9,4,226
7,7,147~9,7,147
1,2,19~1,3,19
1,3,72~2,3,72
5,9,30~6,9,30
4,2,234~4,3,234
3,3,170~5,3,170
5,6,91~6,6,91
0,4,251~0,6,251
2,2,185~4,2,185
5,6,173~5,8,173
7,6,233~7,9,233
5,6,6~5,9,6
0,3,169~2,3,169
6,0,68~6,1,68
2,3,106~2,6,106
6,7,281~7,7,281
2,5,268~4,5,268
7,6,167~7,8,167
6,1,155~8,1,155
5,1,22~7,1,22
8,5,137~8,6,137
5,4,104~8,4,104
2,1,220~3,1,220
2,8,14~4,8,14
6,1,2~6,3,2
7,8,219~9,8,219
4,6,112~7,6,112
4,4,17~5,4,17
9,2,29~9,2,29
5,0,138~8,0,138
6,0,5~6,0,5
4,5,92~4,7,92
8,2,135~8,2,137
3,7,217~7,7,217
0,3,264~1,3,264
0,1,189~3,1,189
2,2,241~4,2,241
7,4,281~7,6,281
6,2,160~6,4,160
3,7,267~3,7,268
0,6,19~0,9,19
6,6,140~6,6,142
2,2,22~4,2,22
2,0,208~4,0,208
5,2,239~5,2,241
3,8,99~3,9,99
6,8,290~6,8,291
0,3,35~2,3,35
5,1,278~7,1,278
2,7,148~4,7,148
8,7,24~8,7,26
3,1,11~3,3,11
1,6,186~1,9,186
9,4,56~9,5,56
1,7,234~3,7,234
5,6,220~5,7,220
2,7,119~4,7,119
5,6,127~7,6,127
6,7,75~8,7,75
3,6,12~4,6,12
2,8,214~5,8,214
4,0,29~7,0,29
2,9,249~4,9,249
8,3,1~8,5,1
2,2,88~6,2,88
4,2,67~4,2,68
3,4,96~5,4,96
8,7,216~8,9,216
4,5,33~4,6,33
7,4,209~9,4,209
2,5,2~2,7,2
0,3,122~1,3,122
0,8,117~0,8,118
7,5,153~9,5,153
9,6,30~9,9,30
8,0,141~8,2,141
6,1,26~6,4,26
8,4,59~8,4,60
9,0,28~9,0,30
1,3,6~1,5,6
5,6,210~8,6,210
1,8,252~3,8,252
2,4,143~5,4,143
4,3,157~6,3,157
2,6,195~3,6,195
8,5,236~8,7,236
8,5,255~8,6,255
6,0,239~6,2,239
2,0,177~3,0,177
4,3,20~6,3,20
7,7,220~9,7,220
5,0,32~5,0,35
1,8,236~4,8,236
1,2,238~2,2,238
6,0,88~9,0,88
1,4,23~1,5,23
1,1,251~1,4,251
0,1,222~2,1,222
9,7,288~9,8,288
3,0,31~5,0,31
5,9,194~5,9,197
6,2,75~8,2,75
1,3,151~3,3,151
6,8,174~9,8,174
6,1,71~6,2,71
4,2,216~4,2,220
4,2,180~4,2,182
5,8,133~8,8,133
8,7,159~8,9,159
0,6,7~0,9,7
6,7,2~8,7,2
6,4,284~6,7,284
6,9,234~7,9,234
5,6,148~5,6,150
0,5,215~0,8,215
0,6,154~0,6,156
6,7,71~8,7,71
5,7,72~5,8,72
8,6,10~8,9,10
4,4,221~4,6,221
3,4,199~6,4,199
2,5,209~2,7,209
0,1,192~0,3,192
8,6,249~8,8,249
8,6,197~9,6,197
2,0,252~5,0,252
5,7,42~5,9,42
6,4,208~8,4,208
4,5,224~4,7,224
2,7,32~5,7,32
2,6,129~4,6,129
8,9,27~9,9,27
6,5,200~9,5,200
8,5,231~8,6,231
3,2,265~3,4,265
6,4,230~6,7,230
0,4,20~2,4,20
5,7,33~5,7,36
1,6,111~2,6,111
4,9,81~7,9,81
7,2,237~9,2,237
6,7,18~6,9,18
0,3,182~0,5,182
4,9,101~6,9,101
4,1,135~6,1,135
6,0,158~8,0,158
3,3,27~3,5,27
5,7,171~6,7,171
8,2,161~8,3,161
4,4,53~4,4,55
6,1,172~6,3,172
8,8,221~9,8,221
3,6,288~5,6,288
8,4,87~9,4,87
6,1,34~8,1,34
1,8,218~2,8,218
6,6,39~6,7,39
7,5,129~7,7,129
8,2,134~8,5,134
9,1,229~9,3,229
3,2,59~3,3,59
3,0,85~3,3,85
6,2,257~6,2,257
3,7,13~4,7,13
1,0,169~3,0,169
3,2,174~5,2,174
4,0,14~4,1,14
1,0,11~4,0,11
3,8,229~5,8,229
2,0,86~4,0,86
1,0,82~3,0,82
6,4,290~9,4,290
4,0,70~6,0,70
7,5,136~7,5,138
9,6,98~9,8,98
9,0,183~9,2,183
3,6,245~5,6,245
2,3,70~4,3,70
0,6,53~2,6,53
0,3,146~3,3,146
3,9,203~4,9,203
9,6,99~9,6,101
4,7,181~6,7,181
6,2,181~7,2,181
4,5,261~6,5,261
4,4,126~6,4,126
3,6,266~3,8,266
2,5,181~5,5,181
7,7,243~9,7,243
2,4,233~4,4,233
9,8,189~9,8,189
2,5,75~5,5,75
7,5,289~7,6,289
3,1,1~5,1,1
7,2,262~7,5,262
6,4,58~6,7,58
7,5,144~7,6,144
2,0,124~2,2,124
2,6,49~2,6,52
8,2,255~8,4,255
7,7,135~7,9,135
1,0,187~1,2,187
6,6,176~6,8,176
5,2,246~5,5,246
0,4,270~0,7,270
5,0,11~5,0,13
7,3,23~7,5,23
1,4,56~4,4,56
7,1,177~7,2,177
3,3,225~3,4,225
6,4,242~6,4,245
0,0,224~0,3,224
6,8,179~7,8,179
2,0,174~2,2,174
4,1,219~4,1,220
5,3,212~5,5,212
2,5,96~2,9,96
6,6,98~6,8,98
5,9,83~7,9,83
1,7,255~1,9,255
9,6,2~9,8,2
0,4,119~0,6,119
2,0,137~2,1,137
0,6,77~0,9,77
4,8,15~6,8,15
6,3,268~8,3,268
0,5,10~0,8,10
0,3,81~0,4,81
7,7,5~8,7,5
7,7,238~9,7,238
6,0,71~6,0,73
4,2,244~4,2,247
6,6,123~6,6,124
6,6,288~6,6,290
7,1,182~9,1,182
2,1,83~2,2,83
5,8,155~6,8,155
4,3,156~4,5,156
6,7,245~9,7,245
1,5,135~4,5,135
4,2,23~5,2,23
0,0,93~0,2,93
5,6,154~7,6,154
7,0,235~7,0,237
3,1,3~5,1,3
2,4,135~5,4,135
2,7,137~5,7,137
6,2,195~6,5,195
7,4,22~7,6,22
6,7,105~8,7,105
0,3,194~0,5,194
8,4,184~8,6,184
8,7,134~8,8,134
7,5,203~8,5,203
9,1,239~9,3,239
6,0,165~6,2,165
5,8,142~8,8,142
8,3,201~8,5,201
4,2,12~6,2,12
4,8,105~4,8,108
6,3,34~6,3,36
2,6,71~4,6,71
6,7,220~6,7,221
6,0,241~6,0,244
8,8,165~8,8,166
2,5,136~2,5,138
9,3,57~9,5,57
7,9,254~9,9,254
5,8,144~8,8,144
0,4,55~0,5,55
2,7,57~5,7,57
4,6,266~7,6,266
0,3,77~0,5,77
5,4,61~7,4,61
9,0,111~9,3,111
5,9,158~5,9,161
5,3,96~7,3,96
6,9,43~7,9,43
3,3,215~3,6,215
2,4,124~5,4,124
7,8,69~8,8,69
7,5,164~9,5,164
7,0,162~9,0,162
4,3,58~4,5,58
4,6,240~6,6,240
0,5,109~3,5,109
5,4,48~8,4,48
7,6,45~7,9,45
3,5,292~3,8,292
5,6,267~7,6,267
5,7,155~7,7,155
9,8,223~9,9,223
2,2,80~2,4,80
0,6,151~2,6,151
3,6,84~3,9,84
8,8,86~8,8,88
1,9,262~3,9,262
2,1,135~3,1,135
5,1,28~7,1,28
0,8,216~2,8,216
2,3,138~5,3,138
1,4,264~3,4,264
2,6,181~3,6,181
4,0,257~6,0,257
5,3,243~6,3,243
6,8,100~7,8,100
7,0,1~7,0,2
6,6,126~6,6,126
8,6,110~8,6,111
6,4,294~6,7,294
3,3,127~3,6,127
1,9,108~2,9,108
3,1,13~3,3,13
4,3,151~4,6,151
3,8,211~3,8,212
7,1,234~9,1,234
6,3,221~6,5,221
4,6,25~7,6,25
7,3,4~7,5,4
0,3,45~0,6,45
6,8,170~8,8,170
8,9,23~8,9,25
8,2,34~9,2,34
5,7,189~5,9,189
8,3,289~8,4,289
0,6,44~0,9,44
0,2,1~1,2,1
5,3,244~7,3,244
1,4,2~3,4,2
0,5,149~3,5,149
2,0,244~3,0,244
6,2,219~6,4,219
1,9,20~4,9,20
6,4,5~8,4,5
3,2,232~6,2,232
3,3,228~3,5,228
4,0,176~4,2,176
4,2,295~6,2,295
3,6,93~3,8,93
4,1,6~4,4,6
1,2,3~1,3,3
4,3,227~5,3,227
9,4,108~9,5,108
2,3,118~2,4,118
1,6,280~2,6,280
6,6,215~9,6,215
3,2,62~6,2,62
1,3,92~1,6,92
2,7,14~3,7,14
3,1,179~5,1,179
7,3,71~7,5,71
9,4,111~9,6,111
6,6,241~6,7,241
2,5,105~4,5,105
2,1,54~4,1,54
8,2,257~8,4,257
7,9,82~9,9,82
8,3,240~8,4,240
8,5,233~8,8,233
2,0,211~2,0,214
1,5,133~1,6,133
3,4,246~3,6,246
7,4,63~7,6,63
4,6,287~7,6,287
7,4,285~7,4,287
7,5,70~9,5,70
5,3,135~7,3,135
2,6,89~5,6,89
7,3,58~7,5,58
6,2,158~7,2,158
5,0,234~5,2,234
2,3,61~2,5,61
1,0,13~1,3,13
0,3,69~3,3,69
6,1,146~6,3,146
1,6,27~4,6,27
5,3,140~5,4,140
0,2,33~0,5,33
6,7,140~6,7,142
5,9,180~7,9,180
6,7,189~6,8,189
5,0,6~5,1,6
7,1,78~7,3,78
4,8,91~6,8,91
5,0,292~5,3,292
1,4,253~1,8,253
8,3,269~8,4,269
9,7,25~9,8,25
7,3,271~7,5,271
5,4,237~5,6,237
9,4,212~9,6,212
2,5,103~2,8,103
1,6,5~1,8,5
8,0,85~8,2,85
7,3,3~7,5,3
2,4,179~2,8,179
8,1,260~8,2,260
2,6,190~2,8,190
2,0,73~4,0,73
7,0,209~7,2,209
4,5,252~4,7,252
2,3,167~4,3,167
8,6,99~8,8,99
0,5,132~2,5,132
1,5,24~1,8,24
5,7,246~5,7,248
0,3,218~3,3,218
5,0,171~7,0,171
3,5,86~3,8,86
0,7,58~1,7,58
6,3,216~9,3,216
3,2,130~5,2,130
8,5,225~9,5,225
0,3,273~0,3,273
0,7,182~2,7,182
3,3,260~5,3,260
8,2,165~8,3,165
2,0,29~2,0,31
6,5,125~8,5,125
6,4,190~9,4,190
5,2,131~8,2,131
1,7,87~4,7,87
0,0,95~0,1,95
1,1,249~1,3,249
7,0,232~7,2,232
9,5,226~9,8,226
5,3,158~8,3,158
6,1,206~8,1,206
1,2,61~2,2,61
5,4,169~5,6,169
9,0,163~9,0,164
3,6,235~3,9,235
7,7,24~7,7,25
5,7,169~7,7,169
1,8,184~4,8,184
2,6,253~5,6,253
7,3,33~7,3,34
0,4,125~0,4,127
0,0,173~3,0,173
2,0,28~3,0,28
2,5,67~2,7,67
5,3,184~5,6,184
6,1,149~6,3,149
2,3,109~2,3,112
5,3,16~6,3,16
0,5,73~0,7,73
2,5,296~3,5,296
7,9,85~8,9,85
4,1,17~4,3,17
0,6,113~2,6,113
5,3,94~5,6,94
6,3,30~8,3,30
3,6,124~5,6,124
8,5,212~8,8,212
0,6,81~0,9,81
6,6,224~6,7,224
0,6,117~2,6,117
3,6,291~6,6,291
6,5,26~8,5,26
1,8,209~3,8,209
6,4,136~8,4,136
0,8,41~3,8,41
6,1,220~8,1,220
1,9,257~4,9,257
5,7,216~5,8,216
6,7,73~8,7,73
2,9,97~4,9,97
4,0,274~7,0,274
0,3,259~0,5,259
0,4,59~0,6,59
1,7,47~1,8,47
2,8,177~3,8,177
2,1,180~2,4,180
5,2,236~5,2,238
1,4,19~1,7,19
9,4,285~9,6,285
8,4,187~8,5,187
3,6,297~3,8,297
0,0,63~0,2,63
3,7,220~3,8,220
3,7,138~5,7,138
0,5,3~0,6,3
3,5,37~4,5,37
7,1,174~7,3,174
0,6,122~1,6,122
1,5,93~1,6,93
6,7,136~6,8,136
0,1,91~3,1,91
0,6,216~0,7,216
2,5,259~5,5,259
6,5,45~6,7,45
5,2,16~7,2,16
3,9,100~3,9,102
6,3,80~7,3,80
9,6,31~9,9,31
3,5,286~6,5,286
6,4,85~6,6,85
1,6,18~1,7,18
1,0,76~4,0,76
7,0,263~7,2,263
8,4,29~8,5,29
6,0,218~6,3,218
9,2,109~9,4,109
0,5,174~2,5,174
8,1,153~8,4,153
0,9,16~2,9,16
0,8,4~3,8,4
7,6,21~9,6,21
2,5,254~3,5,254
8,4,7~8,6,7
8,2,142~8,4,142
3,5,247~3,6,247
6,8,162~9,8,162
3,3,72~4,3,72
1,6,45~1,6,47
4,1,24~4,3,24
8,4,100~8,7,100
4,5,159~4,6,159
8,3,58~8,5,58
3,2,301~5,2,301
4,5,119~7,5,119
1,2,172~1,6,172
0,5,297~3,5,297
4,7,16~7,7,16
2,3,277~2,6,277
2,1,9~2,4,9
1,5,76~3,5,76
1,3,140~1,6,140
0,2,264~2,2,264
3,5,41~3,7,41
8,9,161~8,9,163
3,2,128~3,2,128
0,6,274~2,6,274
3,7,185~3,7,186
6,1,151~8,1,151
1,1,217~4,1,217
0,7,183~0,9,183
5,6,79~7,6,79
2,6,215~2,6,218
3,9,138~5,9,138
6,8,180~8,8,180
7,8,136~7,8,138
8,6,201~8,7,201
1,5,241~1,7,241
4,3,60~6,3,60
6,4,100~6,6,100
6,1,5~8,1,5
4,0,133~7,0,133
5,8,127~8,8,127
9,1,114~9,2,114
2,3,161~5,3,161
2,7,229~2,8,229
5,6,243~5,9,243
7,6,67~7,9,67
5,7,74~5,9,74
7,4,6~7,4,8
6,2,37~6,3,37
5,2,82~5,5,82
6,1,223~6,1,225
6,3,265~8,3,265
6,6,86~6,7,86
4,7,253~4,7,254
4,6,115~6,6,115
4,4,264~6,4,264
7,5,11~7,5,14
5,2,224~5,4,224
1,3,143~1,7,143
1,3,267~1,5,267
9,1,232~9,3,232
2,0,215~2,2,215
1,3,181~2,3,181
8,3,167~8,5,167
9,1,262~9,3,262
2,0,25~2,3,25
1,6,174~1,8,174
4,2,263~4,4,263
0,4,54~0,7,54
1,6,238~3,6,238
3,7,9~6,7,9
3,2,186~5,2,186
7,5,274~7,7,274
1,0,15~1,4,15
5,8,157~5,9,157
9,2,231~9,3,231
8,1,29~9,1,29
5,3,62~6,3,62
3,5,42~3,5,44
0,7,13~0,8,13
3,1,129~5,1,129
2,3,280~2,5,280
6,2,235~6,2,237
3,5,93~6,5,93
9,4,22~9,7,22
9,5,3~9,8,3
8,3,198~8,6,198
6,9,183~8,9,183
5,5,295~5,8,295
4,7,120~5,7,120
4,0,279~4,3,279
4,5,109~4,7,109
1,6,207~4,6,207
7,2,259~9,2,259
9,7,34~9,8,34
6,4,285~6,6,285
5,6,42~8,6,42
2,1,81~2,3,81
4,0,276~6,0,276
4,7,183~4,7,185
5,4,278~5,7,278
6,2,162~8,2,162
0,4,256~0,7,256
3,2,225~3,2,227
4,7,68~7,7,68
7,3,2~7,5,2
7,4,105~9,4,105
5,6,185~5,9,185
0,3,28~1,3,28
2,7,231~3,7,231
7,8,261~9,8,261
6,3,297~9,3,297
5,3,98~5,3,100
0,0,4~0,2,4
2,6,108~4,6,108
3,5,11~3,8,11
5,0,173~5,0,175
8,7,77~8,9,77
6,2,14~6,2,15
2,2,187~2,2,189
4,1,55~6,1,55
7,2,274~7,3,274
2,4,73~2,6,73
2,7,75~4,7,75
8,1,209~8,2,209
5,7,192~7,7,192
0,7,42~0,9,42
0,7,271~0,9,271
8,0,76~8,2,76
6,0,135~7,0,135
1,1,208~4,1,208
2,8,100~2,8,100
6,1,10~8,1,10
9,0,79~9,0,79
7,6,114~7,6,114
7,7,136~9,7,136
2,3,10~4,3,10
7,8,186~9,8,186
2,5,193~2,7,193
1,3,234~3,3,234
6,4,102~6,6,102
7,7,242~8,7,242
0,0,230~0,2,230
1,6,144~1,8,144
2,4,128~3,4,128
6,0,255~6,3,255
6,7,244~6,9,244
6,1,84~8,1,84
8,4,192~8,7,192
6,0,160~8,0,160
0,0,233~3,0,233
3,3,257~3,6,257
1,6,271~1,8,271
7,1,258~9,1,258
6,5,135~8,5,135
7,0,155~8,0,155
8,4,194~8,6,194
9,1,118~9,1,121
2,2,4~2,2,6
5,5,54~5,5,56
5,2,180~7,2,180
6,3,200~8,3,200
2,0,227~3,0,227
1,7,294~4,7,294
4,7,150~4,9,150
4,1,9~4,3,9
2,2,134~2,4,134
2,6,296~2,7,296
8,6,84~8,8,84
6,6,161~8,6,161
3,0,92~3,1,92
0,7,217~1,7,217
6,0,220~9,0,220
4,6,248~6,6,248
0,2,83~1,2,83
1,0,1~1,1,1
3,6,59~3,7,59
9,9,256~9,9,256
5,4,15~5,4,16
2,4,67~3,4,67
3,6,130~5,6,130
7,1,142~7,4,142
1,8,98~2,8,98
7,7,215~9,7,215
5,2,14~5,4,14
1,1,182~3,1,182
0,5,248~3,5,248
1,9,2~3,9,2
4,5,30~4,7,30
6,8,183~7,8,183
4,9,45~6,9,45
9,3,214~9,4,214
1,5,36~3,5,36
3,9,247~6,9,247
5,1,79~7,1,79
2,0,8~2,2,8
6,7,163~6,8,163
7,8,171~7,9,171
2,0,164~2,3,164
5,4,225~7,4,225
3,4,50~6,4,50
2,5,88~2,7,88
3,3,66~4,3,66
4,6,153~4,9,153
2,5,110~2,5,112
0,2,262~0,4,262
7,9,21~8,9,21
1,8,185~3,8,185
3,8,102~4,8,102
1,7,147~2,7,147
4,8,297~6,8,297
3,2,189~3,5,189
1,6,90~1,7,90
5,8,68~7,8,68
2,8,227~5,8,227
7,4,164~7,4,166
8,3,107~8,6,107
2,8,151~4,8,151
1,3,29~1,3,31
2,4,262~2,6,262
1,1,145~1,3,145
8,2,294~8,4,294
6,3,241~6,5,241
2,4,58~2,4,58
6,8,141~9,8,141
3,0,239~3,2,239
1,0,3~1,0,5
6,8,264~8,8,264
6,4,138~6,7,138
1,6,29~1,7,29
6,1,32~6,3,32
4,9,40~7,9,40
6,8,92~9,8,92
1,2,82~4,2,82
0,7,56~2,7,56
9,7,163~9,9,163
6,4,24~7,4,24
1,5,252~1,7,252
6,6,232~8,6,232
3,7,69~5,7,69
4,6,247~4,8,247
1,0,167~4,0,167
7,1,241~9,1,241
3,9,164~6,9,164
9,5,244~9,6,244
1,4,16~1,6,16
6,7,124~6,9,124
0,2,124~0,4,124
1,1,254~1,3,254
8,4,228~8,6,228
7,1,275~7,2,275
2,4,181~2,4,183
2,8,42~2,8,44
1,7,108~1,8,108
2,6,138~2,8,138
7,4,141~7,5,141
0,6,69~2,6,69
1,2,250~1,5,250
7,0,273~7,3,273
0,2,6~0,4,6
0,0,175~0,0,175
1,4,179~1,5,179
0,7,269~0,9,269
2,2,85~2,3,85
2,3,2~4,3,2
0,7,60~0,7,62
3,0,224~3,2,224
7,3,28~7,6,28
1,0,139~2,0,139
4,0,3~6,0,3
7,7,286~9,7,286
3,8,88~3,9,88
7,4,222~9,4,222
2,4,217~4,4,217
1,9,228~4,9,228
7,6,65~8,6,65
7,1,81~7,1,81
1,3,153~3,3,153
2,5,208~2,8,208
1,8,91~3,8,91
5,8,79~5,9,79
2,1,223~4,1,223
4,3,210~5,3,210
2,6,93~2,9,93
0,4,25~2,4,25
8,8,257~8,9,257
4,6,59~4,8,59
2,6,46~2,9,46
2,8,154~2,9,154
0,1,178~0,3,178
9,0,27~9,2,27
5,3,166~7,3,166
4,5,150~7,5,150
1,4,93~1,4,95
6,7,287~6,8,287
0,2,253~0,4,253
2,3,176~4,3,176
5,4,4~5,4,6
0,5,218~0,6,218
0,4,74~0,7,74
8,2,232~8,2,234
2,6,249~4,6,249
4,0,211~4,0,211
6,9,181~6,9,181
0,5,272~1,5,272
0,8,268~3,8,268
0,5,153~0,7,153
3,6,122~3,8,122
8,1,61~8,3,61
5,5,142~5,5,144
5,6,158~7,6,158
3,8,40~6,8,40
6,1,203~6,4,203
2,2,130~2,4,130
2,9,27~5,9,27
2,9,98~4,9,98
5,4,286~6,4,286
5,4,98~5,6,98
3,0,125~3,2,125
4,5,211~7,5,211
2,5,129~3,5,129
1,5,138~1,7,138
3,2,65~5,2,65
4,2,99~4,4,99
3,6,229~6,6,229
7,7,284~9,7,284
5,7,277~7,7,277
3,1,51~3,4,51
0,0,24~0,2,24
2,3,79~2,6,79
6,6,96~8,6,96
9,2,223~9,5,223
7,3,29~7,5,29
4,0,5~4,0,7
4,2,136~7,2,136
1,0,245~3,0,245
2,7,18~2,9,18
5,7,191~5,9,191
8,6,22~8,8,22
4,2,171~7,2,171
0,1,261~0,4,261
6,4,293~6,6,293
1,0,67~1,2,67
1,1,5~1,3,5
6,7,89~6,8,89
5,6,256~5,8,256
3,7,78~3,9,78
3,4,34~3,7,34
5,3,230~7,3,230
3,3,222~3,5,222
4,3,101~4,3,101
5,1,139~5,4,139
8,2,33~8,4,33
3,6,183~3,9,183
5,3,204~7,3,204
8,4,229~8,7,229
5,3,51~5,5,51
0,4,1~0,4,1
6,3,75~6,3,77
8,8,234~8,8,237
5,0,169~5,3,169
0,4,4~3,4,4
2,6,263~4,6,263
4,7,18~4,7,20
0,9,123~2,9,123
8,8,250~9,8,250
8,8,31~8,8,32
3,9,263~3,9,264
9,5,24~9,6,24
1,7,199~4,7,199
1,6,179~1,8,179
0,0,85~2,0,85
2,0,255~3,0,255
6,9,243~8,9,243
4,4,240~7,4,240
3,0,242~5,0,242
8,0,8~8,0,10
9,6,37~9,7,37
7,3,163~7,6,163
9,1,23~9,4,23
5,7,136~5,9,136
6,6,226~6,8,226
3,3,149~5,3,149
2,0,216~2,3,216
5,4,3~5,6,3
9,1,116~9,4,116
6,4,283~9,4,283
4,7,260~5,7,260
4,4,7~4,4,8
9,1,26~9,4,26
5,4,201~5,5,201
3,5,183~5,5,183
1,5,176~4,5,176
1,7,149~1,8,149
5,6,153~5,8,153
6,4,90~8,4,90
6,5,65~9,5,65
1,0,209~1,2,209
4,9,140~5,9,140
7,4,149~7,6,149
8,9,165~8,9,166
0,3,225~0,4,225
7,5,213~7,8,213
9,7,175~9,9,175
4,6,210~4,8,210
0,4,27~2,4,27
4,4,157~4,4,157
0,0,61~0,2,61
2,0,12~2,0,15
1,6,256~1,8,256
4,7,145~7,7,145
1,0,131~4,0,131
8,2,79~9,2,79
2,0,1~2,2,1
0,6,116~0,9,116
1,5,199~3,5,199
1,4,24~3,4,24
1,2,256~1,4,256
1,2,244~1,2,247
6,6,247~7,6,247
6,3,288~8,3,288
8,4,291~8,7,291
0,3,80~0,4,80
9,7,28~9,9,28
2,7,50~2,9,50
9,6,29~9,9,29
0,2,179~0,4,179
3,2,211~6,2,211
6,1,156~7,1,156
7,8,242~9,8,242
3,4,137~5,4,137
4,1,282~4,3,282
1,5,70~3,5,70
4,9,36~6,9,36
6,6,178~6,9,178
5,7,261~5,8,261
0,5,184~0,5,186
4,4,223~6,4,223
0,5,188~0,5,188
8,7,30~8,9,30
1,1,218~4,1,218
0,2,268~3,2,268
1,2,57~1,4,57
0,5,212~2,5,212
4,9,33~7,9,33
1,0,17~1,2,17
8,0,2~8,0,5
9,2,241~9,5,241
2,2,221~2,4,221
7,0,276~8,0,276
3,7,88~5,7,88
2,1,85~2,1,88
6,5,5~8,5,5
2,7,1~2,7,1
9,9,85~9,9,87
3,2,177~6,2,177
9,6,113~9,7,113
7,3,10~7,5,10
5,9,20~7,9,20
5,2,252~8,2,252
2,5,255~2,7,255
3,9,23~3,9,24
1,3,175~2,3,175
0,2,78~0,4,78
8,6,80~8,7,80
3,5,294~5,5,294
0,6,14~4,6,14
3,0,128~3,1,128
4,3,179~4,4,179
8,8,1~8,8,1
4,4,232~4,6,232
6,4,196~6,6,196
6,7,137~6,8,137
5,5,280~5,7,280
2,6,221~2,6,222
2,2,242~3,2,242
2,6,17~5,6,17
2,4,145~2,4,147
5,0,277~5,0,279
4,1,21~4,3,21